images/font2.png
22
5
6
21
6
37
10
51
12
67
12
81
16
98
14
119
4
133
8
149
8
163
12
179
12
6
6
20
10
39
4
52
10
67
12
86
6
99
12
115
12
131
12
147
12
163
12
179
12
3
12
19
12
37
6
54
6
69
8
83
12
101
8
115
12
129
16
147
12
163
12
179
12
3
12
19
12
35
12
51
12
67
12
83
12
99
12
115
12
131
12
145
16
163
12
179
12
3
12
19
12
35
12
51
12
67
12
83
12
99
12
113
16
131
12
147
12
163
12
182
6
4
10
22
6
35
12
50
14
70
6
84
10
100
10
116
10
132
10
148
10
166
6
180
10
4
10
23
4
37
6
52
10
71
4
81
16
100
10
116
10
132
10
148
10
165
8
180
10
5
8
20
10
36
10
49
16
68
10
84
10
100
10
117
8
133
8
149
8
164
10
176
16
